Execution time
382.000000
383.000000
378.000000
380.000000
377.000000
374.000000
379.000000
383.000000
379.000000
378.000000
379.000000
378.000000
377.000000
381.000000
381.000000
384.000000
383.000000
376.000000
376.000000
377.000000
384.000000
376.000000
382.000000
379.000000
375.000000
375.000000
376.000000
384.000000
377.000000
383.000000
379.000000
381.000000
377.000000
381.000000
378.000000
375.000000
376.000000
384.000000
378.000000
374.000000
380.000000
376.000000
373.000000
378.000000
386.000000
404.000000
393.000000
353.000000
405.000000
376.000000
375.000000
376.000000
382.000000
424.000000
370.000000
391.000000
384.000000
377.000000
382.000000
384.000000
392.000000
383.000000
383.000000
306.000000
275.000000
274.000000
211.000000
130.000000
139.000000
129.000000
139.000000
140.000000
139.000000
134.000000
139.000000
137.000000
133.000000
140.000000
148.000000
138.000000
138.000000
129.000000
134.000000
138.000000
137.000000
156.000000
204.000000
166.000000
149.000000
133.000000
170.000000
139.000000
127.000000
148.000000
139.000000
136.000000
159.000000
134.000000
140.000000
151.000000
140.000000
138.000000
139.000000
139.000000
138.000000
135.000000
149.000000
141.000000
128.000000
123.000000
139.000000
135.000000
133.000000
139.000000
137.000000
139.000000
131.000000
139.000000
139.000000
139.000000
137.000000
132.000000
138.000000
134.000000
139.000000
129.000000
141.000000
130.000000
139.000000
143.000000
138.000000
139.000000
141.000000
138.000000
138.000000
130.000000
196.000000
151.000000
160.000000
138.000000
137.000000
140.000000
141.000000
135.000000
138.000000
137.000000
135.000000
139.000000
138.000000
141.000000
134.000000
133.000000
142.000000
136.000000
138.000000
140.000000
139.000000
139.000000
130.000000
136.000000
131.000000
148.000000
156.000000
177.000000
136.000000
132.000000
142.000000
137.000000
134.000000
139.000000
139.000000
155.000000
139.000000
139.000000
130.000000
141.000000
139.000000
138.000000
139.000000
138.000000
131.000000
142.000000
138.000000
135.000000
131.000000
138.000000
130.000000
132.000000
127.000000
117.000000
190.000000
175.000000
154.000000
131.000000
140.000000
141.000000
164.000000
142.000000
136.000000
170.000000
140.000000
140.000000
139.000000
141.000000
141.000000
139.000000
140.000000
132.000000
131.000000
141.000000
138.000000
139.000000
138.000000
139.000000
141.000000
130.000000
141.000000
140.000000
137.000000
132.000000
140.000000
138.000000
128.000000
140.000000
142.000000
141.000000
135.000000
138.000000
131.000000
138.000000
140.000000
138.000000
140.000000
142.000000
140.000000
141.000000
136.000000
140.000000
140.000000
167.000000
141.000000
141.000000
125.000000
139.000000
129.000000
142.000000
133.000000
141.000000
139.000000
132.000000
141.000000
138.000000
140.000000
139.000000
135.000000
133.000000
139.000000
135.000000
142.000000
132.000000
137.000000
140.000000
131.000000
133.000000
129.000000
139.000000
138.000000
139.000000
141.000000
138.000000
137.000000
139.000000
134.000000
129.000000
139.000000
142.000000
140.000000
134.000000
140.000000
138.000000
139.000000
140.000000
124.000000
140.000000
138.000000
137.000000
140.000000
141.000000
131.000000
140.000000
141.000000
138.000000
136.000000
141.000000
139.000000
139.000000
140.000000
141.000000
143.000000
140.000000
138.000000
139.000000
143.000000
132.000000
140.000000
141.000000
141.000000
129.000000
143.000000
135.000000
125.000000
127.000000
121.000000
111.000000
115.000000
79.000000
67.000000
68.000000
105.000000
119.000000
86.000000
97.000000
85.000000
79.000000
98.000000
75.000000
74.000000
114.000000
122.000000
108.000000
108.000000
115.000000
123.000000
113.000000
83.000000
91.000000
81.000000
87.000000
94.000000
112.000000
103.000000
84.000000
123.000000
109.000000
97.000000
120.000000
102.000000
116.000000
97.000000
111.000000
111.000000
125.000000
121.000000
104.000000
116.000000
83.000000
80.000000
106.000000
82.000000
87.000000
71.000000
108.000000
67.000000
87.000000
67.000000
93.000000
67.000000
72.000000
95.000000
80.000000
90.000000
90.000000
96.000000
118.000000
81.000000
67.000000
106.000000
121.000000
128.000000
127.000000
127.000000
131.000000
119.000000
132.000000
123.000000
127.000000
125.000000
141.000000
130.000000
126.000000
128.000000
128.000000
126.000000
125.000000
129.000000
131.000000
185.000000
137.000000
152.000000
129.000000
130.000000
164.000000
126.000000
125.000000
131.000000
121.000000
123.000000
120.000000
125.000000
129.000000
126.000000
120.000000
130.000000
122.000000
132.000000
129.000000
127.000000
129.000000
128.000000
114.000000
123.000000
127.000000
126.000000
124.000000
123.000000
121.000000
119.000000
122.000000
125.000000
129.000000
128.000000
128.000000
130.000000
115.000000
129.000000
128.000000
128.000000
124.000000
131.000000
159.000000
124.000000
129.000000
129.000000
127.000000
127.000000
127.000000
124.000000
126.000000
130.000000
132.000000
122.000000
124.000000
125.000000
127.000000
124.000000
127.000000
128.000000
116.000000
117.000000
123.000000
131.000000
127.000000
126.000000
129.000000
125.000000
123.000000
124.000000
129.000000
126.000000
119.000000
124.000000
128.000000
130.000000
134.000000
124.000000
130.000000
129.000000
125.000000
127.000000
133.000000
122.000000
128.000000
123.000000
128.000000
122.000000
125.000000
128.000000
121.000000
127.000000
125.000000
124.000000
130.000000
125.000000
124.000000
120.000000
128.000000
124.000000
126.000000
126.000000
126.000000
125.000000
126.000000
131.000000
131.000000
130.000000
118.000000
130.000000
127.000000
121.000000
126.000000
125.000000
117.000000
127.000000
128.000000
126.000000
129.000000
124.000000
130.000000
127.000000
118.000000
128.000000
127.000000
125.000000
128.000000
124.000000
126.000000
122.000000
123.000000
124.000000
127.000000
127.000000
125.000000
131.000000
114.000000
120.000000
123.000000
117.000000
125.000000
122.000000
122.000000
119.000000
128.000000
126.000000
121.000000
120.000000
116.000000
120.000000
128.000000
126.000000
116.000000
111.000000
123.000000
125.000000
127.000000
125.000000
126.000000
125.000000
113.000000
121.000000
80.000000
67.000000
109.000000
97.000000
86.000000
80.000000
82.000000
78.000000
87.000000
91.000000
78.000000
85.000000
109.000000
101.000000
89.000000
67.000000
67.000000
98.000000
138.000000
138.000000
130.000000
141.000000
138.000000
134.000000
142.000000
139.000000
138.000000
139.000000
133.000000
140.000000
132.000000
141.000000
141.000000
130.000000
136.000000
140.000000
138.000000
132.000000
138.000000
136.000000
139.000000
140.000000
138.000000
139.000000
134.000000
149.000000
144.000000
123.000000
141.000000
126.000000
134.000000
139.000000
134.000000
135.000000
141.000000
142.000000
136.000000
126.000000
134.000000
137.000000
121.000000
142.000000
133.000000
121.000000
135.000000
135.000000
118.000000
140.000000
129.000000
141.000000
133.000000
131.000000
140.000000
141.000000
135.000000
129.000000
138.000000
138.000000
129.000000
129.000000
152.000000
140.000000
129.000000
140.000000
142.000000
141.000000
139.000000
137.000000
140.000000
142.000000
140.000000
140.000000
138.000000
143.000000
131.000000
143.000000
141.000000
138.000000
131.000000
140.000000
141.000000
148.000000
133.000000
141.000000
133.000000
141.000000
139.000000
141.000000
144.000000
140.000000
141.000000
131.000000
141.000000
139.000000
133.000000
141.000000
144.000000
141.000000
141.000000
138.000000
143.000000
140.000000
142.000000
142.000000
133.000000
139.000000
142.000000
143.000000
142.000000
144.000000
141.000000
142.000000
132.000000
146.000000
170.000000
142.000000
143.000000
139.000000
138.000000
141.000000
138.000000
139.000000
132.000000
139.000000
138.000000
138.000000
135.000000
138.000000
133.000000
136.000000
143.000000
144.000000
136.000000
139.000000
140.000000
137.000000
136.000000
141.000000
130.000000
142.000000
140.000000
139.000000
134.000000
134.000000
140.000000
139.000000
134.000000
133.000000
139.000000
141.000000
141.000000
141.000000
134.000000
163.000000
141.000000
141.000000
143.000000
141.000000
141.000000
142.000000
144.000000
143.000000
137.000000
137.000000
139.000000
140.000000
136.000000
140.000000
143.000000
142.000000
139.000000
141.000000
143.000000
143.000000
143.000000
144.000000
145.000000
141.000000
144.000000
142.000000
140.000000
144.000000
146.000000
142.000000
142.000000
141.000000
144.000000
149.000000
141.000000
137.000000
139.000000
144.000000
143.000000
146.000000
141.000000
149.000000
138.000000
143.000000
141.000000
144.000000
143.000000
144.000000
142.000000
140.000000
139.000000
142.000000
140.000000
143.000000
137.000000
144.000000
138.000000
141.000000
137.000000
144.000000
141.000000
136.000000
143.000000
143.000000
143.000000
139.000000
145.000000
146.000000
148.000000
143.000000
141.000000
140.000000
143.000000
142.000000
139.000000
137.000000
140.000000
141.000000
139.000000
139.000000
140.000000
145.000000
142.000000
145.000000
145.000000
145.000000
144.000000
144.000000
138.000000
142.000000
136.000000
144.000000
141.000000
145.000000
142.000000
140.000000
145.000000
147.000000
141.000000
141.000000
140.000000
145.000000
145.000000
144.000000
142.000000
142.000000
147.000000
142.000000
141.000000
142.000000
141.000000
142.000000
142.000000
140.000000
140.000000
144.000000
142.000000
144.000000
144.000000
143.000000
143.000000
142.000000
139.000000
144.000000
142.000000
141.000000
142.000000
145.000000
150.000000
144.000000
142.000000
142.000000
146.000000
143.000000
142.000000
143.000000
139.000000
142.000000
142.000000
144.000000
135.000000
142.000000
142.000000
143.000000
144.000000
142.000000
147.000000
142.000000
143.000000
142.000000
143.000000
137.000000
153.000000
140.000000
144.000000
143.000000
142.000000
143.000000
138.000000
144.000000
147.000000
140.000000
141.000000
141.000000
143.000000
140.000000
143.000000
140.000000
142.000000
142.000000
142.000000
141.000000
140.000000
143.000000
139.000000
136.000000
139.000000
142.000000
138.000000
141.000000
143.000000
142.000000
141.000000
143.000000
140.000000
144.000000
143.000000
143.000000
144.000000
142.000000
140.000000
143.000000
147.000000
147.000000
140.000000
143.000000
136.000000
141.000000
142.000000
149.000000
143.000000
142.000000
136.000000
143.000000
140.000000
141.000000
145.000000
139.000000
140.000000
139.000000
141.000000
142.000000
142.000000
145.000000
143.000000
146.000000
140.000000
140.000000
141.000000
143.000000
144.000000
141.000000
140.000000
142.000000
138.000000
143.000000
141.000000
144.000000
146.000000
140.000000
145.000000
145.000000
140.000000
139.000000
146.000000
138.000000
141.000000
144.000000
144.000000
138.000000
143.000000
142.000000
144.000000
146.000000
144.000000
146.000000
146.000000
140.000000
143.000000
138.000000
141.000000
140.000000
143.000000
147.000000
144.000000
139.000000
142.000000
145.000000
139.000000
143.000000
146.000000
146.000000
144.000000
139.000000
141.000000
141.000000
137.000000
mean = 149.463000 
max=424.000000
