Execution time
318.000000
318.000000
318.000000
321.000000
319.000000
323.000000
320.000000
317.000000
319.000000
324.000000
322.000000
313.000000
325.000000
319.000000
320.000000
321.000000
316.000000
320.000000
319.000000
326.000000
314.000000
323.000000
320.000000
319.000000
319.000000
320.000000
324.000000
316.000000
320.000000
320.000000
323.000000
320.000000
321.000000
317.000000
321.000000
317.000000
320.000000
320.000000
324.000000
320.000000
318.000000
318.000000
471.000000
321.000000
329.000000
319.000000
320.000000
328.000000
318.000000
319.000000
319.000000
322.000000
318.000000
321.000000
322.000000
320.000000
349.000000
309.000000
320.000000
340.000000
314.000000
320.000000
322.000000
317.000000
321.000000
316.000000
324.000000
316.000000
324.000000
320.000000
316.000000
323.000000
319.000000
317.000000
322.000000
319.000000
324.000000
316.000000
320.000000
324.000000
320.000000
317.000000
324.000000
314.000000
346.000000
309.000000
320.000000
320.000000
321.000000
322.000000
319.000000
329.000000
314.000000
491.000000
328.000000
323.000000
315.000000
321.000000
317.000000
320.000000
320.000000
319.000000
320.000000
320.000000
320.000000
325.000000
322.000000
317.000000
319.000000
340.000000
316.000000
323.000000
317.000000
319.000000
320.000000
320.000000
320.000000
322.000000
318.000000
320.000000
326.000000
318.000000
319.000000
317.000000
320.000000
325.000000
322.000000
315.000000
321.000000
320.000000
316.000000
324.000000
316.000000
324.000000
320.000000
318.000000
318.000000
325.000000
319.000000
321.000000
317.000000
322.000000
316.000000
325.000000
334.000000
322.000000
314.000000
320.000000
320.000000
326.000000
314.000000
325.000000
315.000000
323.000000
316.000000
325.000000
316.000000
323.000000
317.000000
320.000000
324.000000
317.000000
322.000000
319.000000
316.000000
324.000000
320.000000
321.000000
320.000000
317.000000
324.000000
315.000000
323.000000
318.000000
324.000000
315.000000
325.000000
315.000000
325.000000
314.000000
324.000000
317.000000
320.000000
319.000000
321.000000
320.000000
319.000000
320.000000
321.000000
319.000000
320.000000
321.000000
319.000000
320.000000
324.000000
319.000000
339.000000
322.000000
319.000000
320.000000
316.000000
322.000000
318.000000
325.000000
319.000000
320.000000
320.000000
316.000000
321.000000
323.000000
316.000000
325.000000
320.000000
315.000000
326.000000
315.000000
319.000000
320.000000
325.000000
321.000000
314.000000
321.000000
323.000000
320.000000
317.000000
320.000000
320.000000
323.000000
318.000000
322.000000
318.000000
318.000000
325.000000
319.000000
320.000000
315.000000
320.000000
326.000000
318.000000
320.000000
317.000000
324.000000
319.000000
321.000000
316.000000
323.000000
350.000000
322.000000
318.000000
321.000000
321.000000
320.000000
316.000000
323.000000
316.000000
320.000000
324.000000
316.000000
325.000000
318.000000
317.000000
324.000000
320.000000
320.000000
316.000000
320.000000
320.000000
321.000000
319.000000
320.000000
324.000000
316.000000
320.000000
320.000000
325.000000
317.000000
322.000000
320.000000
320.000000
317.000000
325.000000
315.000000
322.000000
323.000000
314.000000
326.000000
314.000000
320.000000
320.000000
320.000000
327.000000
317.000000
320.000000
320.000000
321.000000
320.000000
320.000000
315.000000
322.000000
319.000000
318.000000
321.000000
320.000000
320.000000
320.000000
324.000000
321.000000
317.000000
318.000000
321.000000
320.000000
319.000000
325.000000
315.000000
326.000000
314.000000
320.000000
324.000000
320.000000
321.000000
315.000000
320.000000
324.000000
316.000000
324.000000
316.000000
324.000000
316.000000
320.000000
320.000000
321.000000
324.000000
320.000000
315.000000
324.000000
317.000000
319.000000
320.000000
320.000000
324.000000
321.000000
315.000000
324.000000
321.000000
319.000000
320.000000
316.000000
325.000000
315.000000
324.000000
320.000000
316.000000
348.000000
318.000000
320.000000
316.000000
324.000000
320.000000
316.000000
320.000000
324.000000
319.000000
317.000000
320.000000
324.000000
317.000000
324.000000
320.000000
315.000000
321.000000
323.000000
320.000000
316.000000
323.000000
320.000000
316.000000
323.000000
317.000000
320.000000
320.000000
324.000000
320.000000
317.000000
319.000000
324.000000
317.000000
322.000000
317.000000
320.000000
323.000000
321.000000
319.000000
317.000000
321.000000
322.000000
321.000000
321.000000
318.000000
316.000000
327.000000
316.000000
318.000000
319.000000
324.000000
319.000000
317.000000
320.000000
325.000000
315.000000
324.000000
320.000000
316.000000
320.000000
320.000000
320.000000
326.000000
342.000000
380.000000
318.000000
320.000000
320.000000
320.000000
325.000000
319.000000
316.000000
319.000000
325.000000
318.000000
317.000000
320.000000
321.000000
323.000000
320.000000
321.000000
320.000000
319.000000
320.000000
321.000000
319.000000
324.000000
314.000000
318.000000
321.000000
320.000000
319.000000
326.000000
318.000000
319.000000
323.000000
315.000000
319.000000
320.000000
326.000000
314.000000
322.000000
319.000000
448.000000
363.000000
328.000000
319.000000
318.000000
316.000000
320.000000
324.000000
316.000000
324.000000
319.000000
321.000000
320.000000
316.000000
323.000000
325.000000
313.000000
319.000000
320.000000
320.000000
326.000000
318.000000
317.000000
319.000000
324.000000
320.000000
322.000000
320.000000
315.000000
323.000000
320.000000
318.000000
320.000000
318.000000
324.000000
322.000000
317.000000
317.000000
320.000000
321.000000
323.000000
406.000000
313.000000
320.000000
321.000000
323.000000
317.000000
323.000000
322.000000
323.000000
321.000000
347.000000
310.000000
324.000000
334.000000
324.000000
320.000000
321.000000
323.000000
316.000000
324.000000
319.000000
317.000000
323.000000
323.000000
314.000000
320.000000
323.000000
320.000000
318.000000
323.000000
322.000000
319.000000
320.000000
315.000000
320.000000
321.000000
319.000000
324.000000
320.000000
320.000000
321.000000
317.000000
336.000000
321.000000
316.000000
320.000000
320.000000
320.000000
324.000000
321.000000
318.000000
321.000000
320.000000
321.000000
317.000000
321.000000
317.000000
325.000000
319.000000
318.000000
318.000000
322.000000
318.000000
320.000000
320.000000
324.000000
320.000000
320.000000
319.000000
320.000000
317.000000
324.000000
320.000000
320.000000
322.000000
314.000000
320.000000
320.000000
324.000000
320.000000
319.000000
320.000000
320.000000
317.000000
320.000000
324.000000
320.000000
320.000000
316.000000
320.000000
323.000000
316.000000
323.000000
318.000000
320.000000
325.000000
315.000000
325.000000
315.000000
320.000000
325.000000
315.000000
320.000000
320.000000
320.000000
325.000000
318.000000
318.000000
321.000000
320.000000
317.000000
320.000000
330.000000
331.000000
329.000000
314.000000
322.000000
318.000000
323.000000
321.000000
316.000000
320.000000
320.000000
320.000000
324.000000
322.000000
318.000000
316.000000
320.000000
323.000000
316.000000
320.000000
320.000000
320.000000
320.000000
326.000000
319.000000
319.000000
319.000000
320.000000
319.000000
319.000000
323.000000
320.000000
317.000000
339.000000
323.000000
316.000000
326.000000
315.000000
319.000000
325.000000
315.000000
321.000000
320.000000
320.000000
320.000000
326.000000
320.000000
317.000000
320.000000
317.000000
319.000000
317.000000
327.000000
316.000000
320.000000
323.000000
324.000000
352.000000
309.000000
323.000000
340.000000
324.000000
319.000000
318.000000
345.000000
316.000000
324.000000
321.000000
315.000000
320.000000
321.000000
319.000000
325.000000
316.000000
319.000000
325.000000
315.000000
320.000000
327.000000
317.000000
320.000000
316.000000
320.000000
320.000000
324.000000
317.000000
320.000000
320.000000
319.000000
325.000000
320.000000
319.000000
320.000000
316.000000
320.000000
327.000000
319.000000
319.000000
319.000000
316.000000
326.000000
315.000000
319.000000
320.000000
323.000000
323.000000
327.000000
334.000000
323.000000
317.000000
317.000000
320.000000
320.000000
337.000000
309.000000
319.000000
320.000000
333.000000
319.000000
316.000000
325.000000
320.000000
320.000000
320.000000
324.000000
316.000000
320.000000
325.000000
316.000000
322.000000
321.000000
322.000000
314.000000
326.000000
316.000000
319.000000
319.000000
325.000000
317.000000
318.000000
325.000000
317.000000
320.000000
318.000000
320.000000
320.000000
320.000000
324.000000
320.000000
320.000000
319.000000
316.000000
320.000000
320.000000
324.000000
317.000000
348.000000
314.000000
320.000000
320.000000
320.000000
324.000000
316.000000
317.000000
327.000000
320.000000
320.000000
320.000000
316.000000
324.000000
317.000000
319.000000
320.000000
326.000000
318.000000
320.000000
320.000000
318.000000
320.000000
322.000000
319.000000
322.000000
315.000000
326.000000
314.000000
325.000000
318.000000
316.000000
321.000000
319.000000
324.000000
316.000000
320.000000
320.000000
321.000000
322.000000
321.000000
316.000000
320.000000
320.000000
320.000000
325.000000
319.000000
317.000000
324.000000
320.000000
315.000000
319.000000
326.000000
319.000000
354.000000
313.000000
324.000000
316.000000
320.000000
319.000000
324.000000
317.000000
319.000000
321.000000
319.000000
321.000000
330.000000
314.000000
315.000000
320.000000
321.000000
323.000000
321.000000
320.000000
319.000000
320.000000
317.000000
320.000000
319.000000
321.000000
320.000000
320.000000
325.000000
318.000000
316.000000
321.000000
325.000000
316.000000
319.000000
319.000000
320.000000
325.000000
315.000000
322.000000
318.000000
326.000000
318.000000
321.000000
316.000000
323.000000
316.000000
321.000000
324.000000
315.000000
321.000000
339.000000
308.000000
324.000000
320.000000
316.000000
320.000000
325.000000
319.000000
320.000000
320.000000
316.000000
326.000000
320.000000
314.000000
320.000000
324.000000
316.000000
322.000000
319.000000
323.000000
316.000000
324.000000
316.000000
324.000000
320.000000
322.000000
318.000000
320.000000
321.000000
319.000000
320.000000
320.000000
320.000000
320.000000
316.000000
326.000000
324.000000
315.000000
315.000000
324.000000
316.000000
320.000000
320.000000
323.000000
321.000000
316.000000
410.000000
311.000000
324.000000
320.000000
316.000000
333.000000
319.000000
322.000000
321.000000
319.000000
318.000000
324.000000
317.000000
322.000000
319.000000
323.000000
318.000000
320.000000
320.000000
316.000000
325.000000
317.000000
322.000000
319.000000
320.000000
321.000000
317.000000
319.000000
320.000000
322.000000
318.000000
327.000000
317.000000
320.000000
316.000000
320.000000
320.000000
324.000000
316.000000
323.000000
318.000000
319.000000
320.000000
326.000000
318.000000
320.000000
316.000000
320.000000
325.000000
315.000000
320.000000
323.000000
321.000000
316.000000
320.000000
322.000000
323.000000
320.000000
320.000000
323.000000
320.000000
325.000000
316.000000
320.000000
319.000000
325.000000
319.000000
316.000000
321.000000
324.000000
315.000000
321.000000
319.000000
320.000000
320.000000
325.000000
319.000000
321.000000
315.000000
320.000000
324.000000
316.000000
324.000000
316.000000
mean = 321.199000 
max=491.000000
